0.23421997982
0.0201692561905
0.421095515813
0.224051753565
0.280014653677
0.421113085543
0.524836066758
0.607045457428
0.13596842541
0.211851823748
0.197357205791
0.135204637397
0.205338613149
0.588776596911
0.197144236671
0.629858086966
0.348739692461
0.947152301447
0.245093895347
0.117355383098
0.780564341226
0.475156419507
0.648648660391
0.5855609948
0.865503779008
0.439072978028
0.589627296227
0.317161104023
0.33186564995
0.56505340609
0.594590316993
0.687990469411
0.549903305463
0.00749257565974
0.941404546245
0.104764199549
0.190474784194
0.00809475192492
0.356540228772
0.66347167397
0.000444465695839
0.0895229177382
0.960568790199
0.836061555501
0.762584698978
0.953109214089
0.146968486763
0.234510661643
0.646371073056
0.447519553204
0.688144341851
0.182743748923
0.95119277461
0.46187955787
0.748222592802
0.018936691982
0.49961184817
0.79011558697
0.656977344709
0.653474093067
0.695406989287
0.792281116499
0.767840182387
0.711367877002
0.0658062721576
0.712734514856
0.912521655325
0.600120810629
0.422236231217
0.798036587512
0.306152472339
0.458195005972
0.546601460673
0.710963393877
0.0602573549254
0.262570197834
0.737010073289
0.220732808345
0.788710434668
0.226372133678
0.484600537551
0.0762656816644
0.641702735934
0.102592144361
0.571325074788
0.400218393866
0.39902440916
0.0107409067707
0.60712350937
0.747166085674
0.678464560657
0.433676440028
0.42592600852
0.715834028006
0.130915687107
0.603144508824
0.21597391321
0.10779567457
0.559531868586
0.980873818866
0.240375157088
0.393498583012
0.479998096752
0.11759579549
0.806989450673
0.722300222879
0.67484622972
0.730496756774
0.533801929501
0.590365310225
0.050289229351
0.335490748074
0.485749390139
0.461708071776
0.360225474238
0.813628818782
0.226731181291
0.0901208485429
0.394552268512
0.523574061132
0.52160995244
0.833267681577
0.388819229016
0.00508901804944
0.3622390173
0.832743790041
0.869129381823
0.360272363223
0.963306770565
0.269433802387
0.817711209879
0.448184640405
0.433165480321
0.0996737909677
0.626826958554
0.61575642821
0.128411741368
0.617482617381
0.845936592013
0.718941072836
0.752134458309
0.734720162343
0.767260404868
0.892040227849
0.197044007601
0.900348926632
0.896355802769
0.99579044932
0.46881551882
0.177727949278
0.009669356031
0.180186237917
0.254275225588
0.620709003543
0.659135765493
0.145279160889
0.926825781302
0.764224283039
0.168110846221
0.269649605804
0.62974621139
0.0362528702322
0.819997316852
0.962682524955
0.938629687885
0.252372072378
0.105427499154
0.528651132952
0.075095397539
0.852947462189
0.73671197812
0.544061340402
0.141336333357
0.469720434467
0.402288244796
0.800563464858
0.466439290548
0.434616294762
0.693627951499
0.673463421926
0.496529994249
0.250990615531
0.468300114532
0.200767345691
0.365497188672
0.403878932867
0.397731342209
0.681854728209
0.0696308583438
0.608072634619
0.498573029195
0.837414298365
0.25002610845
0.669932157201
0.831220665589
0.388382795024
0.846573425556
0.540095284352
0.718560795399
0.262955124802
0.394830159785
0.245354997816
0.230284962682
0.539740502038
0.034984149041
0.138977924906
0.634261590463
0.475230532697
0.17544142942
0.312898413876
0.45460832041
0.0658133241481
0.257282469383
0.694349190415
0.294496763197
0.587305137029
0.634554865896
0.848544506527
0.57696640809
0.826682665452
0.376074228989
0.940839294011
0.704716047759
0.233098885476
0.14735951748
0.745136750254
0.842141283763
0.691917209273
0.106249211689
0.485608334997
0.476835897759
0.107987204544
0.50666468017
0.577780634301
0.327612803084
0.00138275799443
0.48569768879
0.742541356235
0.0750999344821
0.220649098418
0.694126513721
0.010120516014
0.673713787157
0.584462933279
0.376584788591
0.846578240094
0.0238653622593
0.930261298125
0.284597392962
0.241471990493
0.303151946349
0.941187030382
0.256636582393
0.220701142841
0.245681808808
0.957875308836
0.975525247006
0.244683475591
0.158229664629
0.345252346622
0.786374798852
0.847584931774
0.965275125115
0.667593576927
0.459484957801
0.699821783892
0.528348494297
0.467266770388
0.663863387356
0.649585868816
0.294611893896
0.948178594391
0.750991524183
0.245022439849
0.385113543528
0.467387002278
0.110621380572
0.322527515046
0.647623068449
0.524636753516
0.261699597122
0.886313350495
0.396846544392
0.700614482011
0.714558778689
0.583739080191
0.661611157068
0.263938543246
0.586998780764
0.521578549677
0.721355911125
0.878410239791
0.94516305196
0.15174129814
0.710140794796
0.222557857302
0.352149528883
0.0522408596071
0.218983429607
0.585940804716
0.830434357802
0.180484369734
0.123475638756
0.809439335443
0.0616310521774
0.805302210007
0.44931419645
0.784188919858
0.415116721606
0.529896051206
0.0290022370567
0.578024668083
0.825621195363
0.0141064322375
0.0582898796962
0.177277844933
0.258921411424
0.191161598459
0.354792258838
0.582728772694
0.883875333232
0.248451271534
0.11072380227
0.750359134573
0.0115982376123
0.653891483769
0.385156770138
0.652939525479
0.17288232001
0.0967894287261
0.343854967271
0.397330312197
0.881732685744
0.294940844415
0.680996990069
0.0288215860392
0.881377470938
0.869357155721
0.079819817542
0.0204849389138
0.173322878702
0.300923299915
0.476808216138
0.523614751461
0.723460010667
0.399413217476
0.148275874495
0.565310649048
0.217654320273
0.31668019004
0.227630836076
0.714728034905
0.85268222263
0.159978761767
0.15914826063
0.386743201197
0.530469262397
0.976467044487
0.924275467232
0.479834646096
0.609152585515
0.52708427678
0.825481195333
0.00642637816189
0.644350413718
0.707128115497
0.363426907547
0.410594378872
0.668724347656
0.546002667118
0.723992746582
0.54449521216
0.000238861861669
0.761698703121
0.913983737283
0.888550694038
0.274510078617
0.808553815852
0.511512045205
0.479430012985
0.928554202595
0.000185730502422
0.360345834106
0.917812045018
0.897240166913
0.945235034273
0.200946856007
0.585526473731
0.941231367754
0.0756981119811
0.07394342746
0.77487434754
0.539651486019
0.85175428137
0.220890090928
0.00766804094819
0.632385526773
0.355096645819
0.803265904756
0.649983655925
0.838956201897
0.658785399273
0.0904409978012
0.545186058322
0.10719086223
0.822663396783
0.168861880106
0.974134259702
0.113325962006
0.568738737438
0.356546644833
0.251345958652
0.448198515862
0.731659550771
0.9394858629
0.37014600338
0.297904509261
0.542861313092
0.359686863268
0.400355286934
0.465546874094
0.758163587082
0.236057697208
0.327481891756
0.718219808332
0.620183134651
0.191759317197
0.279632819723
0.102375348737
0.780221568942
0.503451590971
0.877357138834
0.957618476437
0.882168764445
0.421633657625
0.896043417223
0.802500245857
0.146710812854
0.905256127389
0.832675069842
0.0896671606516
0.905821572144
0.272300994638
0.562849195983
0.238081682423
0.780611952417
0.553151522013
0.575067418452
0.0275339894461
0.834771182622
0.974781023297
0.130109067478
0.245608632118
0.6675168757
0.666485529261
0.745686821731
0.887514080976
0.191749409591
0.216078690151
0.848729501854
0.877934141075
0.858437298694
0.790594336178
0.819467096236
0.308837807733
0.0287458831328
0.194024142367
0.859102247365
0.0229625728193
0.912647626482
0.0374565150026
0.239779120399
0.381153350988
0.629635060623
0.611626222084
0.776734642107
0.0691841682309
0.856684408938
0.981501444458
0.110053011042
0.915411648255
0.392805452153
0.706470942898
0.209535643202
0.333707693443
0.485341354381
0.796507445459
0.768477678958
0.00159798696317
0.0173001169401
0.873235698393
0.801002475595
0.723400089331
0.475822193549
0.899111530425
0.425442922653
0.864803175939
0.413059610561
0.989464432907
0.779061030363
0.675149837715
0.333952289208
0.158657160156
0.090129848571
0.995765467109
0.394968654473
0.319127001816
0.341354571124
0.407860399067
0.0104795326532
0.536636541979
0.835080096956
0.448391703187
0.622136414263
0.0539622682902
0.961206282324
0.0686060371473
0.508921615311
0.203063476685
0.0217927125957
0.630369176191
0.616503770618
0.216516565908
0.193703362938
0.394957012223
0.469206461082
0.423133987511
0.728701450829
0.449154361728
0.0374711404945
0.502774971346
0.196959849172
0.770334144537
0.823285793254
0.425340521061
0.980500715906
0.0766272728102
0.250655771665
0.94922700403
0.910124341521
0.994259320998
0.892772956068
0.168432082952
0.125435094891
0.885042126391
0.874105549166
0.902847786855
0.828129535844
0.892791814178
0.87667569394
0.442313123467
0.706305424462
0.832898469091
0.689970088811
0.815954480402
0.646631369262
0.634327578589
0.444048859034
0.526487416659
0.504810513456
0.436707910286
0.839166775838
0.546003823974
0.943949979788
0.517118684335
0.413038461589
0.456021500841
0.134643031946
0.923448740441
0.103982033792
0.805629926164
0.120236034923
0.979355615927
0.891240706133
0.31398577123
0.0819743574472
0.591494998082
0.647020981416
0.538527823116
0.710091074883
0.86126586629
0.406518712948
0.736004844263
0.38369241322
0.177974167801
0.465057411704
0.103377364594
0.742080219424
0.0146064725344
0.223207786751
0.566028312122
0.854590399077
0.754521497259
0.341619422797
0.277093432314
0.0403962491832
0.576987003771
0.750162470504
0.874165886008
0.810554327633
0.281847527797
0.257617212991
0.465814372584
0.307961444687
0.518470910758
0.784697321711
0.371687830121
0.721002886711
0.900652476372
0.678941977369
0.88469352014
0.215140542202
0.261722812641
0.777671827313
0.690013598212
0.720858951407
0.838431633983
0.21750884982
0.176421428223
0.136766383391
0.475940753718
0.795272042492
0.97833578865
0.599165269336
0.86252744883
0.701266719564
0.183596308433
0.309019812069
0.326718802035
0.954681376023
0.872937054009
0.939828849859
0.672274373913
0.140977834168
0.204697343693
0.452215711083
0.270266252057
0.868519436576
0.516212599698
0.403593860137
0.971034239597
0.72813774192
0.658208619716
0.532842065746
0.577401420556
0.0824487516193
0.352758780704
0.70478183019
0.284640248765
0.530549370654
0.398258971679
0.295942644672
0.516945154035
0.930340762065
0.0274061661896
0.115124815028
0.215152695583
0.400798459519
0.903119622226
0.0273199340338
0.394004813122
0.722439926413
0.464708852781
0.0122874765757
0.871071009843
0.512935483439
0.798705325437
0.654272762644
0.173869544136
0.753544125324
0.852830004997
0.541712449773
0.193012045026
0.522881573042
0.0339957064708
0.817803379765
0.909666206782
0.0664387082128
0.387378880489
0.532183132407
0.396767121899
0.0251897439965
0.85099930786
0.533486644282
0.834921537327
0.089759144214
0.473441069685
0.332035291048
0.387756928937
0.555933274254
0.445858167071
0.176183552319
0.591557815702
0.570860248677
0.212157478653
0.38040116677
0.0703861015757
0.702280815382
0.982947664741
0.0417972469614
0.957954228482
0.946317929408
0.780516899878
0.196440441301
0.623606438876
0.710515171843
0.297919360823
0.807459120297
0.621290747103
0.845990998321
0.821456446008
0.678016222283
0.813391417263
0.457666415382
0.407552091784
0.883098797169
0.212798539909
0.768268142177
0.113825193158
0.160341250805
0.331847448363
0.916914142272
0.296365741639
0.164548167263
0.395772521559
0.582730027428
0.317795317575
0.253972900575
0.644050027428
0.0376186521304
0.0103118378991
0.550811610143
0.776238687974
0.47075543454
0.452661642373
0.551642046805
0.682251668322
0.559287910098
0.149949497795
0.167180472655
0.964314075956
0.195724275145
0.808607500562
0.389575942499
0.585531687531
0.348592113535
0.228623176971
0.731590243749
0.282649792702
0.48679701509
0.18024387454
0.210036952869
0.226067310808
0.86945745985
0.917392530994
0.669267234523
0.824768866679
0.900497017135
0.86067306418
0.503909878123
0.255557487248
0.722253926294
0.365152071256
0.398753326093
0.27319430879
0.780366575911
0.0962316611415
0.462897142146
0.681847242557
0.0653325075713
0.328647719412
0.587524642846
0.0225700499415
0.885283143569
0.776621081233
0.217887428759
0.763225257096
0.133311796423
0.798160356906
0.923675871022
0.644596057338
0.319271255727
0.572915057391
0.159698111567
0.294865547543
0.289849393479
0.851520705281
0.416301788977
0.349132684204
0.61429139285
0.216049017373
0.820353702535
0.937499230727
0.868590661449
0.399793474567
0.854389433795
0.149271440943
0.153742134524
0.0479603746892
0.18430347844
0.273254050211
0.405715741852
0.320427079903
0.430258967564
0.435893227465
0.495741042114
0.213782634718
0.351333661535
0.567279962823
0.086918875887
0.731372934453
0.580528449234
0.482356070004
0.900852205969
0.498456994361
0.649389611545
0.702185058411
0.081134134688
0.867103369184
0.314551989876
0.694810747174
0.481566882435
0.543862952211
0.230452919041
0.389956216891
0.499344016401
0.411695376916
0.802953972023
0.732282000706
0.0578863398467
0.253715455544
0.00407565613692
0.108532030102
0.900520949015
0.132916133068
0.33375657472
0.33743960627
0.827458387803
0.620623368229
0.717677268813
0.66027545319
0.19239810821
0.840811282822
0.329870159223
0.123601339359
0.839565625522
0.560180031699
0.449646735482
0.877744728372
0.667863690903
0.941446968001
0.553757122897
0.00174548331489
0.905318979091
0.240153005821
0.903855312428
0.286129083661
0.796337272181
0.364448794824
0.577550584578
0.275937041807
0.0346131193859
0.58142853778
0.97928648062
0.396109503875
0.61630954953
0.928326756626
0.900322968312
0.361062279797
0.29691555731
0.535468277762
0.864259257076
0.0899820009793
0.964699032909
0.264500471891
0.944353641928
0.748808821108
0.512404289564
0.660100924547
0.0846512783453
0.621406079838
0.00874220921215
0.946909490381
0.368206585895
0.624115391482
0.795265345213
0.10431546367
0.0384493076592
0.241275985316
0.503374427704
0.900762385606
0.790228477311
0.770381493963
0.977444651915
0.869618963695
0.829382110404
0.958776556108
0.84483944931
0.600972108358
0.91433989111
0.288775935029
0.223751525652
0.0696341010334
0.0734357647016
0.453925532498
0.588700982772
0.988376167869
0.89712115867
0.76506508878
0.699608100377
0.392711240369
0.232558026907
0.707298966725
0.291187484251
0.299447692257
0.591589124633
0.237406337792
0.500912739161
0.719335209537
0.631630138794
0.253515990723
0.905656434892
0.713556149818
0.448480548905
0.909181831225
0.0972522870007
0.707264749785
0.258572713256
0.83699635535
0.97319746475
0.142223607812
0.910628635739
0.585029649329
0.85557486805
0.208569225829
0.448115028803
0.916920575249
0.0314951996506
0.591681655434
0.832429885435
0.743316293643
0.472475505878
0.65521896863
0.955626740921
0.112327082189
0.558827780276
0.126930025352
0.846402965137
0.251847243079
0.899741381846
0.453518249204
0.802139241266
0.743054834463
0.639614627904
0.874255731301
0.572080836923
0.0107104030132
0.586300985164
0.555711674215
0.897497198883
0.796074002996
0.793263626289
0.817894995809
0.257329822342
0.0306375206895
0.406891873946
0.271822841706
0.475471816632
0.473107115471
0.823736965478
0.526753736762
0.668955149013
0.777947151457
0.674628002322
0.50833778037
0.985600541235
0.821636715011
0.559859949203
0.186233998344
0.113722074449
0.639559223546
0.24081982787
0.74435069406
0.669225284047
0.356752412783
0.11811993369
0.514331508816
0.0139464458807
0.419365366393
0.787354375426
0.133332333199
0.137804606904
0.575914762069
0.375111727005
0.787018443501
0.436073789186
0.124729549476
0.322047640273
0.494155517632
0.927987129195
